0.66
0.63
0.59
0.52
0.48
0.42
0.40
0.43
0.44
0.41
0.38
0.33
0.30
0.25
0.22
0.17
0.13
0.08
0.04
-0.00
-0.03
-0.08
-0.10
-0.13
-0.13
-0.16
-0.18
-0.20
-0.22
-0.23
-0.23
-0.24
-0.23
-0.28
-0.17
-0.09
-0.03
-0.02
0.01
0.09
0.08
0.14
0.16
0.17
0.18
0.18
0.16
0.15
0.15
0.15
0.22
0.27
0.30
0.33
0.38
0.39
0.42
0.42
0.47
0.48
0.50
0.51
0.56
0.58
0.62
0.65
0.71
0.76
0.46
0.66
0.68
0.68
0.68
0.65
0.65
0.62
0.62
0.67
0.72
0.76
0.80
0.81
0.81
0.82
0.82
0.80
0.82
0.83
0.84
0.84
0.83
0.83
0.83
0.85
0.89
0.82
0.88
0.86
0.88
0.87
0.86
0.86
0.86
0.87
0.88
0.88
0.88
0.89
0.86
0.86
0.87
0.85
0.88
0.87
0.86
0.87
0.88
0.88
0.88
0.89
0.88
0.89
0.89
0.90
0.89
0.88
0.88
0.89
0.89
0.89
0.89
0.89
0.89
0.88
0.88
0.90
0.88
0.88
0.87
0.87
0.87
0.86
0.86
0.85
0.84
0.85
0.84
0.84
0.83
0.80
0.77
0.73
0.71
0.66
0.62
0.57
0.53
0.53
0.43
0.37
0.33
0.28
0.24
0.17
0.14
0.09
0.06
-.02
-0.00
-0.09
-0.06
-0.08
-0.12
-0.19
-0.14
-0.19
-0.17
-0.18
-0.20
-0.20
-0.23
-0.23
-0.22
-0.20
-0.17
-0.13
-0.02
0.05
0.15
0.17
0.20
0.22
0.23
0.24
0.30
0.39
0.52
0.59
0.64
0.68
0.73
0.77
0.79
0.80
0.81
0.81
0.82
0.82
0.78
0.75
0.72
0.73
0.73
0.74
0.75
0.75
0.75
0.74
0.73
0.74
0.74
0.74
0.73
0.74
0.75
0.75
0.75
0.75
0.76
0.76
0.78
0.79
0.80
0.80
0.82
0.83
0.84
0.86
0.85
0.86
0.88
0.81
0.81
0.82
0.86
0.88
0.87
0.86
0.89
0.88
0.88
0.86
0.91
0.90
0.88
0.90
0.91
0.89
0.89
0.90
0.90
0.89
0.89
0.89
0.88
0.92
0.90
0.87
0.85
0.87
0.87
0.89
0.88
0.88
0.87
0.88
0.88
0.87
0.88
0.88
0.86
0.87
0.87
0.88
0.87
0.87
0.86
0.86
0.86
0.87
0.86
0.86
0.88
0.86
0.84
0.87
0.87
0.87
0.89
0.89
0.88
0.86
0.86
0.86
0.84
0.85
0.85
0.87
0.86
0.87
0.87
0.87
0.88
0.87
0.88
0.88
0.85
0.89
0.85
0.89
0.85
0.89
0.83
0.89
0.86
0.88
0.83
0.84
0.80
0.81
0.82
0.82
0.86
0.84
0.86
0.86
0.85
0.84
0.86
0.86
0.86
0.86
0.82
0.84
0.86
0.86
0.86
0.86
0.87
0.87
0.88
0.88
0.87
0.87
0.87
0.87
0.86
0.86
0.85
0.85
0.85
0.87
0.86
0.86
0.86
0.86
0.85
0.85
0.86
0.86
0.85
0.85
0.84
0.83
0.86
0.85
0.85
0.85
0.85
0.85
0.86
0.86
0.85
0.84
0.85
0.85
0.85
0.86
0.86
0.86
0.85
0.85
0.85
0.89
0.85
0.89
0.83
0.84
0.84
0.89
0.84
0.88
0.95
1.05
1.13
1.14
1.14
1.14
1.14
1.14
1.15
1.14
1.13
1.12
1.10
1.09
1.06
1.05
1.05
1.05
1.04
1.03
1.04
1.03
1.03
1.02
1.01
1.00
0.97
0.96
0.95
0.94
0.93
0.92
0.91
0.91
0.91
0.92
0.92
0.91
0.91
0.90
0.89
0.88
0.87
0.86
0.86
0.84
0.83
0.83
0.82
0.81
0.81
0.80
0.80
0.78
0.77
0.75
0.73
0.72
0.69
0.68
0.66
0.64
0.62
0.60
0.59
0.58
0.57
0.55
0.54
0.53
0.52
0.50
0.48
0.47
0.46
0.45
0.49
0.45
0.41
0.40
0.41
0.39
0.37
0.35
0.34
0.32
0.31
0.29
0.27
0.25
0.23
0.20
0.18
0.15
0.13
0.11
0.09
0.06
0.05
0.03
0.01
-0.01
-0.03
-0.05
-0.07
-0.09
-0.11
-0.14
-0.15
-0.18
-0.20
-0.22
-0.24
-0.27
-0.29
-0.31
-0.33
-0.35
-0.36
-0.39
-0.40
-0.42
-0.44
-0.45
-0.47
-0.49
-0.51
-0.54
-0.56
-0.59
-0.61
-0.63
-0.65
-0.68
-0.69
-0.73
-0.75
-0.79
-0.81
-0.84
-0.86
-0.88
-0.91
-0.94
-0.96
-0.98
-1.01
-1.09
-1.07
-1.08
-1.13
-1.16
-1.18
-1.22
-1.24
-1.28
-1.30
-1.39
-1.36
-1.39
-1.43
-1.45
-1.49
-1.52
-1.53
-1.58
-1.62
-1.64
-1.68
-1.70
-1.74
-1.77
-1.80
-1.83
-1.86
-1.88
-1.91
-1.93
-1.94
-1.92
-1.92
-1.91
-1.89
-1.87
-1.81
-1.77
-1.73
-1.71
-1.69
-1.65
-1.60
-1.57
-1.52
-1.52
-1.51
-1.52
-1.55
-1.57
-1.61
-1.64
-1.64
-1.64
-1.64
-1.64
-1.64
-1.68
-1.71
-1.76
-1.75
-1.83
-1.86
-1.90
-1.93
-1.97
-2.00
-2.04
-2.06
-2.09
-2.10
-2.09
-2.06
-1.90
-1.71
-1.41
-1.07
-0.34
0.09
0.46
0.65
0.77
0.79
0.80
0.78
0.79
0.79
0.79
0.79
0.79
0.79
0.78
0.78
0.79
0.79
0.79
0.78
0.78
0.78
0.78
0.78
0.78
0.78
0.78
0.78
0.78
0.78
0.78
0.78
0.78
0.78
0.78
0.78
0.78
0.78
0.78
0.78
0.78
0.78
0.78
0.78
0.78
0.78
0.78
0.78
0.78
0.78
0.78
0.77
0.77
0.77
0.77
0.78
0.78
0.77
0.77
0.78
0.78
0.77
0.77
0.77
0.77
0.77
0.77
0.77
0.77
0.77
0.77
0.77
0.77
0.77
0.77
0.77
0.77
0.77
0.77
0.77
0.77
0.77
0.77
0.70
0.77
0.78
0.76
0.76
0.76
0.77
0.76
0.77
0.77
0.78
0.77
0.78
0.76
0.77
0.76
0.78
0.77
0.76
0.77
0.76
0.76
0.76
0.76
0.76
0.76
0.76
0.76
0.76
0.76